Time,Lap,Speed,Throttle,Brake,Gear,RPM,TireTempFL,TireTempFR,TireTempRL,TireTempRR,TirePressureFL,TirePressureFR,TirePressureRL,TirePressureRR,X,Y
0.0,1,100,0.8,0.0,3,8000,90,92,88,89,27.5,27.6,27.4,27.5,0,0
0.1,1,120,1.0,0.0,3,8500,91,93,89,90,27.6,27.7,27.5,27.6,10,5
0.2,1,140,1.0,0.0,4,9000,92,94,90,91,27.7,27.8,27.6,27.7,20,10
0.3,1,160,1.0,0.0,4,9500,93,95,91,92,27.8,27.9,27.7,27.8,30,15
0.4,1,180,1.0,0.0,5,10000,94,96,92,93,27.9,28.0,27.8,27.9,40,20
0.5,1,200,0.0,0.5,5,9500,95,97,93,94,28.0,28.1,27.9,28.0,50,25
0.6,1,180,0.0,0.8,4,9000,96,98,94,95,28.1,28.2,28.0,28.1,60,30
0.7,1,160,0.0,1.0,4,8500,97,99,95,96,28.2,28.3,28.1,28.2,70,35
0.8,1,140,0.0,1.0,3,8000,98,100,96,97,28.3,28.4,28.2,28.3,80,40
0.9,1,120,0.5,0.5,3,7500,99,101,97,98,28.4,28.5,28.3,28.4,90,45
1.0,1,100,0.8,0.0,3,8000,100,102,98,99,28.5,28.6,28.4,28.5,100,50
