Time,Lap,Throttle,Brake,Speed,Gear,TireTempFL,TireTempFR,TireTempRL,TireTempRR,TirePressureFL,TirePressureFR,TirePressureRL,TirePressureRR
0.0,1,79.93,23.89,73.99,3,89.3,87.0,85.7,80.3,27.32,27.31,26.9,27.26
1.2,1,67.23,38.64,71.17,3,85.3,88.6,86.9,83.4,27.14,27.4,26.86,27.25
2.4,1,82.95,0.0,64.43,2,84.5,86.6,83.0,84.8,27.2,27.4,26.84,27.12
3.61,1,100.0,18.44,59.29,2,87.0,88.1,82.2,91.7,27.21,27.45,27.04,27.27
4.81,1,65.32,0.24,74.66,3,86.5,83.3,80.7,87.7,27.15,27.26,26.98,27.37
6.01,1,65.32,2.69,73.53,3,85.6,89.6,81.5,82.0,27.06,27.46,27.04,27.17
7.21,1,100.0,1.11,80.47,3,89.1,89.0,92.8,87.5,27.23,27.13,27.07,27.4
8.42,1,85.35,0.0,79.79,3,89.9,86.5,87.7,81.4,27.19,27.34,27.03,27.35
9.62,1,60.61,10.73,85.85,3,87.3,91.0,79.9,89.2,27.25,27.35,27.07,27.23
10.82,1,80.85,0.0,71.92,3,91.4,91.8,80.0,84.6,27.15,27.46,26.99,27.29
12.02,1,60.73,14.06,92.37,3,83.6,84.2,85.4,85.7,27.32,27.4,26.88,27.46
13.23,1,60.69,9.25,83.09,3,86.4,86.7,85.6,90.0,27.11,27.26,27.11,27.37
14.43,1,74.84,6.42,103.78,4,84.8,86.7,85.6,82.1,27.37,27.3,26.94,27.3
15.63,1,31.73,0.0,78.06,3,81.4,86.2,83.2,81.8,27.03,27.42,26.91,27.28
16.83,1,35.5,1.35,104.23,4,86.8,91.5,83.6,84.2,27.24,27.39,26.98,27.31
18.04,1,58.75,21.33,90.77,3,86.6,88.4,85.0,89.1,27.25,27.34,26.91,27.25
19.24,1,49.74,17.51,84.19,3,91.5,88.2,84.3,81.4,27.12,27.35,26.96,27.09
20.44,1,76.28,0.0,87.79,3,88.9,83.0,77.3,77.5,27.24,27.47,27.03,27.5
21.64,1,51.84,11.49,91.34,3,83.9,90.9,83.3,84.6,27.33,27.35,27.03,27.32
22.85,1,41.75,21.27,100.71,4,92.6,85.3,81.4,87.7,26.98,27.39,26.91,27.34
24.05,1,99.31,0.0,103.61,4,90.7,89.2,84.5,89.6,27.25,27.62,26.95,27.29
25.25,1,65.48,18.15,94.57,3,88.7,89.8,93.0,84.6,26.95,27.26,27.11,27.23
26.45,1,71.35,0.06,101.98,4,86.3,93.1,85.1,84.8,27.1,27.21,27.05,27.28
27.66,1,41.51,18.56,125.56,4,84.1,85.1,83.1,89.5,27.36,27.48,27.21,27.14
28.86,1,59.11,0.0,123.34,4,85.9,79.9,86.8,80.4,27.14,27.33,27.12,27.53
30.06,1,72.22,0.0,112.34,4,90.3,89.6,85.4,84.8,27.08,27.37,27.11,27.18
31.26,1,46.98,0.0,110.28,4,92.7,94.4,85.3,86.6,27.18,27.32,26.86,27.2
32.46,1,77.51,10.72,113.02,4,91.6,92.7,85.8,87.3,27.41,27.37,27.08,27.26
33.67,1,57.99,13.9,119.87,4,85.5,89.6,90.2,84.5,27.02,27.56,26.99,27.43
34.87,1,64.17,0.0,105.43,4,83.6,87.5,80.6,86.1,27.09,27.48,26.94,27.3
36.07,1,57.97,19.58,115.0,4,87.4,91.4,85.4,78.5,27.35,27.49,27.02,27.18
37.27,1,100.0,0.0,102.81,4,81.7,86.1,81.2,84.0,27.39,27.26,27.09,27.43
38.48,1,69.73,9.01,125.41,4,88.0,90.4,85.7,87.4,27.19,27.28,27.05,27.37
39.68,1,48.85,0.0,129.81,4,86.6,90.5,81.2,83.1,27.08,27.12,26.91,27.35
40.88,1,86.45,0.22,120.42,4,85.6,92.2,82.7,86.2,27.41,27.32,27.07,27.37
42.08,1,45.58,10.71,142.91,5,82.2,97.3,83.1,87.3,27.36,27.5,26.94,27.54
43.29,1,74.18,0.0,116.83,4,88.5,90.2,86.9,85.0,27.27,27.45,27.02,27.52
44.49,1,30.81,4.23,116.37,4,85.4,87.5,86.8,86.5,27.12,27.38,26.97,27.23
45.69,1,43.44,25.09,135.17,4,83.5,88.9,80.3,83.1,27.2,27.4,26.98,27.46
46.89,1,73.94,1.35,145.32,5,78.4,83.7,84.2,85.4,27.18,27.33,27.08,27.34
48.1,1,84.77,22.54,153.61,5,86.9,86.9,81.9,87.8,27.23,27.42,26.9,27.35
49.3,1,73.43,0.0,134.1,4,92.3,87.8,80.2,86.5,27.35,27.48,27.19,27.13
50.5,1,67.69,17.95,151.39,5,92.0,87.4,83.3,84.2,27.29,27.24,26.82,27.28
51.7,1,63.98,31.62,142.14,5,85.6,89.5,83.1,86.7,27.09,27.43,26.94,27.22
52.91,1,40.43,0.0,142.72,5,85.2,86.5,91.3,88.1,27.34,27.49,27.04,27.38
54.11,1,55.6,0.0,155.2,5,88.4,92.4,85.3,79.9,27.23,27.36,27.06,27.41
55.31,1,60.79,18.66,154.81,5,84.0,89.0,79.9,89.5,27.27,27.47,26.99,27.09
56.51,1,91.14,6.95,134.44,4,87.9,89.0,82.3,85.0,27.35,27.68,26.99,27.3
57.72,1,76.87,15.57,166.89,5,89.3,88.0,87.1,87.3,27.09,27.39,27.04,27.41
58.92,1,34.74,0.94,167.84,5,90.7,89.5,90.3,89.6,27.2,27.44,26.98,27.28
60.12,1,76.48,11.3,149.7,5,86.7,91.5,79.2,81.9,27.15,27.33,27.14,27.37
61.32,1,62.3,7.66,161.84,5,86.4,86.4,78.4,83.9,27.04,27.42,27.08,27.34
62.53,1,56.46,27.52,164.74,5,84.4,87.0,89.6,85.1,27.23,27.45,27.09,27.33
63.73,1,82.23,13.82,164.32,5,84.5,88.1,85.2,83.6,27.45,27.42,26.9,27.27
64.93,1,90.62,15.06,158.13,5,86.3,85.0,81.4,91.2,27.02,27.3,26.99,27.18
66.13,1,88.63,3.82,158.84,5,88.1,86.5,85.6,83.4,27.2,27.42,26.97,27.19
67.33,1,53.22,2.69,167.22,5,89.7,87.6,76.1,84.3,27.26,27.55,26.9,27.37
68.54,1,63.82,3.51,181.12,6,84.6,91.6,84.0,86.6,27.21,27.44,27.04,27.3
69.74,1,76.63,15.92,176.75,5,91.5,89.8,85.0,82.4,27.19,27.5,26.95,27.29
70.94,1,89.51,3.69,169.53,5,86.2,89.6,86.8,84.8,27.07,27.38,27.07,27.26
72.14,1,60.42,14.35,182.87,6,86.9,91.6,81.0,87.0,27.22,27.47,26.89,27.27
73.35,1,66.29,41.13,148.59,5,84.8,88.6,84.3,85.0,27.12,27.43,27.17,27.4
74.55,1,47.87,23.07,190.48,6,79.7,90.2,81.2,85.7,26.98,27.3,26.91,27.27
75.75,1,46.08,5.11,163.51,5,89.7,88.7,84.8,84.4,27.32,27.43,27.02,27.17
76.95,1,86.25,28.02,179.2,5,89.2,89.8,81.3,81.5,27.3,27.3,27.08,27.37
78.16,1,97.12,3.88,173.55,5,86.2,87.3,82.8,87.0,27.21,27.34,26.94,27.28
79.36,1,68.56,0.0,173.72,5,87.2,81.7,81.0,91.3,27.22,27.42,27.09,27.3
80.56,1,90.07,0.0,200.19,6,88.5,88.6,86.0,86.1,27.31,27.43,26.88,27.46
81.76,1,77.23,0.0,185.83,6,82.3,93.3,86.6,86.7,27.22,27.28,27.15,27.3
82.97,1,57.1,4.73,195.89,6,85.4,91.8,83.3,88.1,27.29,27.51,27.0,27.33
84.17,1,77.23,10.28,193.87,6,89.4,91.9,84.1,82.2,27.17,27.46,26.94,27.18
85.37,1,100.0,35.15,201.03,6,83.2,92.7,79.7,91.1,27.33,27.33,26.97,27.28
86.57,1,69.28,14.9,198.95,6,87.9,89.3,83.1,86.6,27.23,27.25,27.08,27.36
87.78,1,100.0,6.71,187.27,6,82.9,89.6,83.8,90.9,27.22,27.39,26.94,27.14
88.98,1,17.61,22.44,211.98,6,88.4,87.1,91.9,83.8,27.07,27.36,26.93,27.32
90.18,1,86.44,0.0,199.0,6,86.9,88.1,80.7,91.5,27.23,27.41,26.98,27.31
91.38,1,71.74,13.53,190.29,6,82.2,90.8,88.4,88.3,27.12,27.36,26.88,27.3
92.59,1,64.02,21.56,203.5,6,90.5,92.6,87.0,87.7,27.14,27.2,27.18,27.4
93.79,1,71.84,0.0,224.7,7,84.8,88.6,84.8,86.7,27.12,27.36,26.94,27.33
94.99,1,30.25,27.16,220.12,7,84.6,87.6,89.3,85.3,27.09,27.37,27.08,27.45
96.19,1,65.61,15.08,210.05,6,87.6,89.0,85.1,89.6,27.41,27.46,27.02,27.2
97.39,1,77.14,3.77,211.96,6,90.4,90.8,85.2,86.4,27.33,27.33,26.9,27.31
98.6,1,99.56,19.49,214.16,6,84.0,84.7,83.8,80.1,27.39,27.57,27.0,27.31
99.8,1,59.63,44.06,240.06,7,87.2,82.1,87.7,82.6,27.08,27.21,27.08,27.19
101.0,1,53.83,12.73,225.03,7,88.3,87.3,87.3,85.4,27.21,27.53,26.98,27.4
102.2,1,59.96,13.72,227.43,7,89.1,85.3,82.1,86.9,27.07,27.38,27.12,27.53
103.41,1,88.31,3.11,235.35,7,87.5,87.5,80.0,85.8,27.13,27.49,27.1,27.3
104.61,1,76.58,0.0,229.36,7,85.9,88.6,83.4,89.7,27.11,27.41,27.09,27.35
105.81,1,59.4,22.46,226.3,7,84.5,87.6,81.6,80.1,27.32,27.51,26.95,27.31
107.01,1,80.27,0.0,228.84,7,87.3,93.4,83.8,86.4,27.16,27.36,26.89,27.23
108.22,1,71.94,11.07,232.01,7,83.8,90.0,87.7,80.5,27.31,27.29,26.94,27.12
109.42,1,89.37,2.84,234.27,7,78.2,89.9,82.6,88.3,27.26,27.54,27.02,27.23
110.62,1,55.96,17.18,243.84,7,88.3,90.9,83.9,85.7,27.43,27.39,27.05,27.16
111.82,1,63.45,15.0,239.0,7,89.7,85.6,84.2,87.3,27.05,27.42,26.78,27.47
113.03,1,62.16,25.56,247.73,7,79.9,92.1,86.5,83.4,27.33,27.52,27.0,27.29
114.23,1,40.73,2.35,241.52,7,84.0,88.8,77.3,89.8,27.31,27.3,27.02,27.27
115.43,1,75.92,5.95,245.03,7,88.9,91.0,82.2,89.1,27.1,27.46,26.97,27.39
116.63,1,75.22,0.0,226.18,7,93.2,85.8,84.6,87.8,27.3,27.34,27.13,27.19
117.84,1,70.1,3.34,257.24,7,87.1,84.3,87.6,85.6,27.23,27.39,27.04,27.22
119.04,1,65.31,15.66,253.46,7,84.8,91.5,82.5,87.7,27.18,27.41,27.13,27.31
120.24,2,41.69,21.35,69.98,2,88.5,92.1,80.4,85.9,27.32,27.45,27.18,27.6
121.44,2,61.59,0.0,32.96,1,93.1,88.3,87.9,90.6,27.33,27.52,27.29,27.55
122.65,2,63.15,23.04,84.72,3,87.1,88.4,84.1,92.9,27.6,27.74,27.36,27.52
123.85,2,53.95,30.33,64.36,2,86.6,94.4,82.4,91.2,27.4,27.69,27.33,27.51
125.05,2,66.77,16.2,78.76,3,87.6,87.4,84.1,85.8,27.48,27.59,27.09,27.54
126.25,2,78.08,38.15,59.2,2,86.1,95.9,85.4,89.1,27.32,27.62,27.17,27.52
127.45,2,100.0,0.0,77.64,3,89.4,88.3,84.2,84.1,27.32,27.57,27.17,27.4
128.66,2,73.49,0.0,62.9,2,93.9,92.9,79.4,89.7,27.51,27.74,27.25,27.5
129.86,2,75.15,0.0,69.12,2,90.0,90.0,88.7,89.4,27.27,27.58,27.27,27.39
131.06,2,68.51,32.44,96.41,3,88.2,92.8,89.8,82.4,27.36,27.62,27.12,27.51
132.26,2,31.62,19.82,77.29,3,88.1,89.4,88.0,84.5,27.4,27.71,27.21,27.45
133.47,2,69.47,9.17,83.29,3,84.3,90.5,82.6,87.2,27.41,27.52,27.0,27.75
134.67,2,71.2,14.2,91.73,3,91.6,91.1,85.4,87.1,27.38,27.76,27.34,27.5
135.87,2,100.0,0.0,89.91,3,88.8,88.0,86.0,84.4,27.44,27.45,27.15,27.36
137.07,2,66.15,46.69,88.37,3,88.5,93.2,87.8,89.2,27.47,27.76,27.21,27.49
138.28,2,76.03,11.94,92.44,3,98.6,89.5,88.0,88.8,27.47,27.56,27.17,27.55
139.48,2,69.31,11.64,114.74,4,89.9,90.3,83.8,87.4,27.3,27.58,27.31,27.67
140.68,2,46.63,20.89,92.05,3,86.7,88.0,86.2,85.7,27.37,27.41,26.92,27.44
141.88,2,92.86,17.22,96.56,3,87.7,83.3,87.4,91.1,27.52,27.55,27.2,27.34
143.09,2,85.04,13.36,106.97,4,92.4,90.4,90.4,93.0,27.49,27.5,27.19,27.58
144.29,2,85.82,0.0,109.44,4,89.3,98.2,88.1,86.5,27.26,27.54,27.15,27.36
145.49,2,51.81,17.07,112.17,4,84.7,93.4,88.4,86.2,27.44,27.59,27.37,27.46
146.69,2,98.06,38.23,108.61,4,91.8,90.9,86.3,89.5,27.2,27.7,27.11,27.47
147.9,2,41.96,30.18,92.71,3,87.0,90.2,90.2,86.9,27.4,27.62,27.28,27.49
149.1,2,81.74,33.9,122.39,4,94.6,91.1,87.2,87.6,27.59,27.63,27.24,27.57
150.3,2,100.0,2.33,96.52,3,92.2,92.6,83.4,90.2,27.31,27.49,27.33,27.43
151.5,2,50.19,0.0,112.93,4,87.7,87.5,90.2,82.3,27.32,27.51,27.13,27.47
152.71,2,58.67,8.11,104.28,4,92.8,94.3,88.1,92.0,27.48,27.78,27.13,27.5
153.91,2,71.99,10.84,113.1,4,89.2,93.1,84.7,88.2,27.25,27.53,27.31,27.51
155.11,2,59.93,26.41,118.94,4,91.6,93.2,84.6,86.8,27.34,27.77,27.24,27.51
156.31,2,38.99,0.0,120.79,4,90.5,92.3,86.9,87.7,27.46,27.58,27.05,27.54
157.52,2,71.37,32.94,123.71,4,86.5,91.1,87.4,87.9,27.34,27.6,27.15,27.58
158.72,2,48.75,7.63,137.55,4,87.1,93.0,86.6,82.8,27.38,27.71,27.24,27.54
159.92,2,79.47,3.6,127.87,4,92.1,92.8,86.9,92.5,27.47,27.73,27.28,27.55
161.12,2,51.61,0.0,122.81,4,88.0,89.9,91.1,88.1,27.44,27.59,27.13,27.34
162.32,2,100.0,0.0,136.81,4,87.8,89.3,89.2,89.3,27.43,27.56,26.91,27.51
163.53,2,54.33,22.35,140.99,5,86.1,91.3,86.6,90.9,27.37,27.59,27.25,27.55
164.73,2,63.56,11.1,118.73,4,90.3,95.6,88.8,84.9,27.44,27.63,27.08,27.57
165.93,2,86.27,0.0,138.9,4,95.2,87.3,82.9,89.4,27.39,27.69,27.0,27.43
167.13,2,45.38,0.0,141.86,5,85.8,86.6,87.2,87.2,27.45,27.6,26.92,27.43
168.34,2,74.55,4.96,133.79,4,89.1,91.5,91.4,90.5,27.35,27.66,27.28,27.44
169.54,2,96.14,35.04,152.44,5,93.2,91.2,85.3,81.6,27.38,27.76,27.21,27.55
170.74,2,37.85,6.11,139.11,4,88.8,91.5,83.5,87.7,27.3,27.64,27.18,27.6
171.94,2,73.69,0.0,143.78,5,90.4,91.7,84.0,86.2,27.4,27.63,27.34,27.46
173.15,2,75.2,6.31,142.71,5,85.8,90.3,82.7,89.3,27.32,27.45,27.26,27.59
174.35,2,85.64,5.91,146.52,5,90.3,95.5,83.6,89.4,27.29,27.34,27.36,27.51
175.55,2,45.26,0.0,137.32,4,88.4,86.2,84.9,85.9,27.43,27.64,27.06,27.49
176.75,2,43.59,9.19,135.8,4,92.0,88.5,81.8,85.9,27.42,27.59,27.2,27.48
177.96,2,80.44,6.54,168.07,5,92.6,90.7,86.0,87.7,27.48,27.55,27.04,27.57
179.16,2,75.94,20.44,145.57,5,96.8,86.1,88.7,85.3,27.36,27.62,27.18,27.53
180.36,2,75.01,37.73,146.05,5,90.7,90.5,83.3,90.5,27.44,27.59,27.18,27.73
181.56,2,76.93,26.9,136.34,4,90.0,96.0,90.6,86.9,27.46,27.71,27.26,27.41
182.77,2,56.4,5.97,153.41,5,89.6,91.1,87.5,79.3,27.44,27.61,27.2,27.55
183.97,2,74.65,0.0,148.49,5,87.9,91.7,89.1,86.9,27.32,27.53,27.26,27.45
185.17,2,75.86,48.6,180.06,6,90.0,87.2,84.0,84.9,27.41,27.7,27.27,27.41
186.37,2,55.71,10.89,175.65,5,88.1,89.2,88.6,83.1,27.44,27.58,27.42,27.5
187.58,2,100.0,10.21,160.59,5,89.5,89.9,82.7,84.3,27.4,27.65,27.17,27.51
188.78,2,79.48,9.64,191.92,6,93.0,90.0,88.7,88.3,27.19,27.55,27.11,27.79
189.98,2,46.17,12.97,181.13,6,86.0,94.8,86.5,92.0,27.42,27.54,27.22,27.48
191.18,2,83.13,7.83,169.98,5,92.4,92.7,87.7,88.9,27.62,27.61,27.12,27.39
192.38,2,50.51,1.4,150.16,5,93.0,87.7,82.5,86.2,27.36,27.6,27.35,27.53
193.59,2,85.74,1.8,199.98,6,88.6,91.7,83.3,89.4,27.33,27.65,27.17,27.29
194.79,2,93.17,9.51,165.09,5,82.6,92.5,87.8,86.6,27.44,27.57,27.14,27.49
195.99,2,53.59,1.85,164.46,5,87.2,94.4,83.2,85.9,27.43,27.42,27.15,27.5
197.19,2,89.27,0.0,193.05,6,92.9,95.7,87.4,84.5,27.52,27.56,27.27,27.58
198.4,2,78.26,11.6,209.14,6,88.9,88.0,81.9,82.7,27.27,27.68,27.18,27.6
199.6,2,86.44,6.18,200.51,6,86.0,88.6,88.5,86.8,27.47,27.57,27.14,27.45
200.8,2,100.0,32.56,194.22,6,87.5,87.2,82.3,88.5,27.46,27.58,27.37,27.48
202.0,2,65.09,0.0,196.45,6,91.5,90.3,87.7,87.7,27.39,27.7,27.11,27.42
203.21,2,54.93,26.37,200.96,6,90.6,92.4,87.9,86.8,27.43,27.53,27.2,27.39
204.41,2,52.21,28.69,201.93,6,88.3,94.0,83.9,85.2,27.5,27.45,27.27,27.53
205.61,2,53.68,0.0,199.07,6,87.9,90.8,87.7,89.8,27.49,27.58,27.04,27.37
206.81,2,68.46,4.86,199.22,6,87.8,90.0,86.8,84.0,27.29,27.55,27.25,27.46
208.02,2,76.82,4.43,199.48,6,86.2,91.5,84.4,90.3,27.48,27.5,27.09,27.4
209.22,2,75.53,0.0,194.48,6,93.8,88.5,83.0,85.0,27.39,27.58,27.28,27.55
210.42,2,86.54,0.0,201.13,6,88.0,97.3,80.1,85.7,27.41,27.65,27.1,27.68
211.62,2,70.26,0.0,188.93,6,92.7,86.2,87.0,83.6,27.41,27.6,27.27,27.37
212.83,2,99.07,36.28,206.79,6,93.6,91.6,81.3,86.5,27.38,27.63,27.31,27.31
214.03,2,64.71,24.04,199.81,6,92.0,97.1,86.3,90.9,27.52,27.78,27.29,27.49
215.23,2,100.0,29.07,200.58,6,87.7,91.0,85.2,89.5,27.39,27.57,27.23,27.5
216.43,2,82.51,20.83,215.33,6,90.2,90.4,88.0,90.9,27.29,27.63,27.18,27.52
217.64,2,52.86,0.0,229.37,7,88.9,89.9,85.1,89.6,27.36,27.55,27.14,27.46
218.84,2,48.58,2.13,226.56,7,86.3,90.5,85.0,84.7,27.42,27.52,27.35,27.48
220.04,2,79.65,17.34,203.59,6,90.0,95.1,88.2,87.0,27.52,27.54,27.13,27.54
221.24,2,65.53,0.0,211.32,6,85.5,84.4,87.0,85.7,27.46,27.55,27.1,27.6
222.44,2,84.28,20.69,232.54,7,92.6,95.6,86.9,92.0,27.31,27.64,27.27,27.3
223.65,2,79.46,6.4,215.23,6,87.6,86.7,87.4,84.4,27.65,27.83,27.12,27.46
224.85,2,68.54,4.38,224.72,7,89.6,90.2,81.4,90.7,27.43,27.53,27.1,27.52
226.05,2,53.06,20.66,234.39,7,89.8,89.7,88.3,90.7,27.53,27.56,27.06,27.41
227.25,2,39.7,16.66,221.12,7,88.2,92.8,87.8,93.5,27.38,27.59,27.15,27.67
228.46,2,61.07,4.59,233.78,7,90.8,86.2,82.9,86.8,27.45,27.64,27.19,27.44
229.66,2,87.13,27.39,221.31,7,87.6,92.4,85.3,90.1,27.48,27.63,27.22,27.5
230.86,2,74.28,0.0,230.55,7,91.6,97.1,85.9,94.8,27.52,27.73,27.3,27.56
232.06,2,45.09,19.24,241.68,7,85.0,86.9,85.6,86.1,27.51,27.36,27.25,27.44
233.27,2,73.46,18.9,224.47,7,89.4,91.6,87.0,83.4,27.49,27.36,27.18,27.32
234.47,2,77.71,5.36,246.73,7,94.8,89.0,90.3,82.4,27.37,27.55,27.18,27.46
235.67,2,52.32,14.89,244.05,7,86.0,92.3,89.2,90.1,27.34,27.71,27.25,27.6
236.87,2,73.07,0.0,251.69,7,87.0,91.1,82.1,82.4,27.43,27.44,27.33,27.47
238.08,2,71.16,23.86,250.32,7,90.5,89.1,87.9,86.9,27.49,27.3,27.21,27.42
239.28,2,47.14,7.23,263.64,8,89.5,92.5,90.0,89.3,27.38,27.66,27.15,27.59
240.48,3,77.16,2.16,61.25,2,92.1,98.4,89.2,90.6,27.71,27.82,27.3,27.67
241.68,3,81.22,25.74,57.63,2,92.5,92.4,91.3,91.3,27.75,27.69,27.26,27.65
242.89,3,91.66,0.0,65.06,2,92.9,95.2,94.0,90.7,27.51,27.7,27.47,27.71
244.09,3,91.08,0.0,71.19,3,94.3,89.1,91.1,93.8,27.52,27.7,27.46,27.78
245.29,3,42.45,0.0,68.17,2,92.2,90.1,88.7,87.1,27.59,27.81,27.46,27.94
246.49,3,51.24,19.09,70.0,3,90.3,94.4,91.1,88.0,27.63,27.74,27.39,27.78
247.7,3,80.3,0.0,64.5,2,93.0,97.5,88.4,87.7,27.55,27.85,27.54,27.82
248.9,3,80.28,36.32,66.81,2,96.7,94.1,88.1,92.5,27.74,27.51,27.35,27.65
250.1,3,80.3,0.0,61.33,2,90.6,92.1,86.9,92.7,27.64,27.71,27.5,27.6
251.3,3,100.0,35.45,94.77,3,88.1,93.0,92.7,91.4,27.6,27.69,27.4,27.71
252.51,3,81.42,13.17,66.75,2,94.3,89.2,85.5,93.6,27.46,27.77,27.34,27.71
253.71,3,92.71,8.55,74.18,3,90.6,94.8,92.6,86.5,27.47,27.75,27.46,27.59
254.91,3,89.08,1.83,75.85,3,84.5,95.6,89.5,95.0,27.63,27.88,27.44,27.68
256.11,3,83.03,15.99,93.9,3,93.5,91.6,83.8,94.6,27.39,27.61,27.44,27.74
257.31,3,63.69,9.44,83.92,3,89.4,91.6,89.1,92.2,27.7,27.8,27.41,27.74
258.52,3,85.18,26.55,101.27,4,90.7,93.8,81.7,95.3,27.58,27.86,27.4,27.75
259.72,3,54.54,11.71,83.97,3,92.0,91.7,89.9,85.0,27.92,27.99,27.64,27.73
260.92,3,65.26,12.25,95.42,3,91.6,92.8,90.7,88.4,27.83,27.75,27.52,27.65
262.12,3,60.29,4.55,86.19,3,93.1,99.3,86.2,87.8,27.58,27.83,27.47,27.65
263.33,3,71.64,9.15,117.92,4,89.7,92.3,88.4,92.2,27.59,27.62,27.41,27.58
264.53,3,100.0,14.62,86.51,3,92.5,91.9,93.9,86.8,27.7,27.56,27.5,27.88
265.73,3,32.65,0.0,103.4,4,90.2,91.1,86.5,92.3,27.77,27.88,27.45,27.7
266.93,3,83.73,0.0,108.56,4,93.2,95.2,84.8,94.1,27.44,27.8,27.4,27.68
268.14,3,37.75,21.15,108.28,4,92.8,92.5,92.4,92.1,27.42,27.92,27.37,27.61
269.34,3,60.56,12.56,104.21,4,88.2,91.1,93.9,90.9,27.54,27.66,27.39,27.99
270.54,3,91.78,7.24,106.68,4,94.3,97.0,88.0,87.0,27.66,27.85,27.08,27.59
271.74,3,71.29,10.28,110.34,4,89.4,97.3,91.0,87.5,27.65,27.99,27.42,27.66
272.95,3,48.45,15.21,110.35,4,93.4,91.2,92.0,93.7,27.71,27.84,27.35,27.74
274.15,3,55.69,1.9,123.38,4,92.1,87.4,85.8,92.3,27.48,27.83,27.56,27.76
275.35,3,83.59,0.0,137.76,4,96.5,96.0,86.5,89.9,27.37,27.8,27.4,27.8
276.55,3,55.39,12.94,112.0,4,90.3,90.9,91.7,88.7,27.69,27.64,27.28,27.88
277.76,3,74.33,0.0,105.8,4,90.0,95.4,93.1,83.9,27.52,27.94,27.4,27.75
278.96,3,70.91,16.12,120.53,4,90.9,87.1,89.7,86.8,27.4,27.74,27.3,27.59
280.16,3,56.97,0.0,149.13,5,90.1,95.7,85.4,95.7,27.61,27.85,27.45,27.67
281.36,3,100.0,25.44,117.22,4,93.4,89.4,94.0,86.2,27.68,27.64,27.43,27.73
282.57,3,82.68,17.09,143.56,5,86.2,95.2,86.4,90.6,27.59,27.68,27.5,27.91
283.77,3,29.5,13.84,145.87,5,87.8,93.0,87.0,93.0,27.55,27.94,27.32,27.56
284.97,3,73.73,24.74,125.47,4,87.8,90.1,89.0,86.2,27.58,27.77,27.4,27.82
286.17,3,56.76,34.98,138.62,4,93.9,91.8,92.7,90.6,27.56,27.95,27.26,27.72
287.37,3,87.05,25.22,151.13,5,96.1,95.1,90.6,92.8,27.47,27.79,27.47,27.78
288.58,3,54.15,0.0,132.98,4,90.7,93.3,89.2,90.0,27.53,27.62,27.45,27.69
289.78,3,67.71,0.0,136.65,4,90.5,94.8,89.4,98.6,27.65,27.89,27.45,27.62
290.98,3,80.1,0.63,134.79,4,91.2,98.9,88.1,85.0,27.63,27.74,27.4,27.78
292.18,3,87.32,10.39,132.38,4,94.5,88.3,89.7,93.2,27.62,27.87,27.44,27.77
293.39,3,45.99,17.76,137.95,4,88.2,97.9,80.4,89.5,27.5,27.8,27.56,27.8
294.59,3,63.31,0.0,134.12,4,91.7,93.3,87.1,92.3,27.58,27.65,27.37,27.7
295.79,3,60.5,12.8,148.62,5,93.9,90.3,88.7,91.3,27.38,27.82,27.41,27.64
296.99,3,56.93,0.0,142.5,5,92.5,89.0,84.5,87.8,27.62,28.02,27.29,27.54
298.2,3,100.0,0.83,154.46,5,91.6,92.4,89.2,90.7,27.74,27.85,27.31,27.78
299.4,3,78.1,0.0,138.48,4,94.0,95.8,87.4,84.4,27.45,27.79,27.41,27.74
300.6,3,44.78,0.0,159.27,5,82.9,92.6,93.3,91.8,27.54,27.91,27.51,27.6
301.8,3,88.36,0.0,166.21,5,93.0,97.5,92.7,90.9,27.63,27.82,27.37,27.65
303.01,3,100.0,0.0,139.86,4,89.0,88.6,86.6,91.9,27.73,27.82,27.38,27.65
304.21,3,90.65,25.8,165.46,5,85.5,93.0,87.5,93.2,27.56,27.69,27.36,27.55
305.41,3,39.61,0.0,175.91,5,92.5,89.2,87.8,91.1,27.53,27.82,27.35,27.62
306.61,3,60.32,49.49,153.46,5,95.1,94.1,86.6,90.4,27.4,27.9,27.43,27.59
307.82,3,95.34,17.4,184.2,6,90.6,95.7,88.6,87.4,27.61,27.72,27.25,27.66
309.02,3,55.85,12.77,173.58,5,93.9,91.7,85.7,87.9,27.8,27.94,27.53,27.63
310.22,3,78.88,0.0,164.26,5,95.8,85.2,84.6,93.6,27.63,27.79,27.33,27.54
311.42,3,85.49,20.5,172.67,5,94.9,93.6,89.9,94.3,27.6,27.71,27.47,27.9
312.63,3,51.46,1.37,180.73,6,95.9,94.3,89.9,89.3,27.63,27.9,27.27,27.83
313.83,3,68.81,11.83,177.83,5,93.2,94.2,85.6,90.1,27.6,27.77,27.47,27.62
315.03,3,5.17,48.4,184.38,6,91.2,96.7,90.7,87.3,27.52,27.88,27.47,27.73
316.23,3,49.51,8.56,171.7,5,86.2,89.8,86.1,93.5,27.68,27.77,27.44,27.74
317.43,3,64.95,27.24,184.52,6,90.3,95.0,88.8,92.0,27.62,27.79,27.3,27.82
318.64,3,45.04,0.0,170.61,5,88.5,96.6,90.5,95.8,27.6,27.85,27.42,27.62
319.84,3,100.0,9.48,185.55,6,97.5,87.7,87.9,87.4,27.5,27.83,27.28,27.81
321.04,3,41.4,36.56,179.55,5,90.5,94.0,89.4,88.9,27.73,27.6,27.37,27.65
322.24,3,61.2,0.6,183.15,6,91.4,91.5,86.5,90.7,27.67,27.69,27.5,27.57
323.45,3,72.61,37.19,204.79,6,92.7,92.8,87.4,91.9,27.54,27.89,27.48,27.77
324.65,3,98.83,20.62,205.26,6,91.1,94.0,87.4,89.4,27.7,27.79,27.4,27.83
325.85,3,41.28,1.56,202.35,6,96.1,91.5,85.8,87.4,27.55,27.75,27.3,27.96
327.05,3,93.26,19.49,187.26,6,89.1,91.0,87.5,92.6,27.52,27.66,27.46,27.58
328.26,3,70.2,24.59,196.94,6,91.6,93.1,83.4,92.2,27.52,27.69,27.4,27.77
329.46,3,50.37,19.33,214.15,6,88.8,89.7,86.5,87.3,27.42,27.6,27.17,27.66
330.66,3,79.24,0.0,205.36,6,87.0,89.7,87.1,94.1,27.65,27.79,27.48,27.78
331.86,3,73.98,0.0,229.05,7,89.2,95.0,87.2,93.5,27.42,27.74,27.4,27.55
333.07,3,58.0,6.29,211.71,6,90.9,89.6,87.3,90.4,27.48,27.7,27.52,27.57
334.27,3,71.4,8.88,211.62,6,89.7,95.0,87.8,90.2,27.39,27.79,27.29,27.62
335.47,3,62.29,19.31,208.52,6,88.9,94.4,89.4,91.7,27.59,27.84,27.08,27.71
336.67,3,72.27,12.67,214.87,6,86.8,87.8,90.6,87.4,27.58,28.01,27.43,27.64
337.88,3,83.24,0.0,213.93,6,90.8,91.0,86.1,90.1,27.57,27.65,27.43,27.77
339.08,3,100.0,15.7,224.45,7,86.5,96.6,84.4,83.5,27.5,27.92,27.23,27.8
340.28,3,45.24,19.16,228.86,7,93.3,90.1,84.9,92.6,27.48,27.9,27.3,27.76
341.48,3,100.0,18.4,213.35,6,91.2,91.6,86.5,85.3,27.65,27.72,27.68,27.86
342.69,3,30.96,26.21,209.82,6,86.6,94.4,86.9,94.5,27.54,27.82,27.37,27.74
343.89,3,66.96,22.51,206.69,6,90.1,95.4,85.7,89.0,27.63,27.75,27.47,27.58
345.09,3,81.77,16.89,232.05,7,88.7,92.2,84.1,89.4,27.51,27.82,27.33,27.84
346.29,3,75.62,8.95,217.86,6,92.0,91.2,86.6,88.1,27.62,27.95,27.19,27.64
347.49,3,57.55,0.0,209.28,6,95.0,97.3,88.5,89.1,27.73,27.86,27.38,27.79
348.7,3,65.84,16.44,236.61,7,85.4,98.2,89.8,94.3,27.66,27.85,27.37,27.86
349.9,3,60.14,13.12,259.58,7,91.3,95.9,86.3,82.5,27.56,27.76,27.36,27.75
351.1,3,58.21,14.07,236.5,7,90.5,93.3,86.8,93.8,27.63,27.65,27.39,27.55
352.3,3,86.99,0.0,246.87,7,93.0,90.6,85.2,91.0,27.58,27.78,27.43,27.61
353.51,3,77.14,0.0,241.22,7,91.6,90.5,87.9,86.4,27.6,27.92,27.38,27.83
354.71,3,56.14,25.8,241.33,7,88.7,94.6,85.5,86.8,27.57,27.65,27.27,27.68
355.91,3,87.99,9.41,253.43,7,90.0,94.3,89.7,95.0,27.58,27.69,27.45,27.71
357.11,3,76.15,20.22,243.26,7,88.6,97.2,82.6,87.2,27.62,27.81,27.21,27.78
358.32,3,86.26,10.42,250.75,7,94.2,95.0,86.9,86.5,27.5,27.7,27.19,27.77
359.52,3,82.59,10.45,253.22,7,91.1,88.5,88.9,93.4,27.5,27.72,27.47,27.73
360.72,4,53.42,24.07,53.32,2,98.7,98.2,90.6,93.0,27.66,27.96,27.65,27.88
361.92,4,58.8,2.26,71.84,3,92.8,92.0,98.1,89.2,27.64,27.86,27.59,27.87
363.13,4,84.95,11.44,62.09,2,90.9,93.8,91.0,92.6,27.68,27.9,27.46,27.99
364.33,4,82.21,3.07,58.2,2,88.5,95.8,87.0,88.9,27.82,28.07,27.53,27.96
365.53,4,69.58,3.48,73.04,3,87.6,101.0,89.7,95.3,27.71,27.87,27.57,27.87
366.73,4,72.35,5.36,60.61,2,88.2,104.3,84.7,95.2,27.85,27.84,27.44,28.01
367.94,4,95.55,13.33,71.8,3,93.8,96.8,89.8,93.6,27.8,27.94,27.53,27.89
369.14,4,58.17,2.82,73.34,3,94.5,94.5,87.5,93.1,27.6,28.07,27.67,27.81
370.34,4,80.94,28.84,86.21,3,88.3,96.6,92.7,97.3,27.87,27.98,27.74,27.82
371.54,4,65.96,0.0,82.02,3,95.7,97.7,88.4,92.0,27.88,27.95,27.56,27.8
372.75,4,65.65,7.2,78.94,3,91.6,94.0,89.6,88.5,27.7,28.0,27.68,27.87
373.95,4,91.98,3.4,89.29,3,93.4,100.4,88.1,93.3,27.84,27.83,27.41,28.02
375.15,4,86.51,31.7,96.93,3,97.8,95.7,95.2,98.3,27.71,28.05,27.67,27.82
376.35,4,86.27,12.95,90.53,3,95.7,96.5,89.0,89.0,27.81,28.04,27.52,27.92
377.56,4,96.11,25.48,86.97,3,92.2,97.0,95.5,90.9,27.67,27.96,27.63,27.83
378.76,4,70.42,0.0,75.67,3,90.3,96.3,92.4,93.2,27.62,28.1,27.58,27.87
379.96,4,83.64,14.01,80.06,3,86.5,97.5,91.4,91.8,27.76,27.89,27.73,27.75
381.16,4,63.79,23.34,89.57,3,90.8,93.1,91.1,89.1,27.79,28.11,27.51,27.88
382.36,4,76.48,11.23,88.45,3,92.4,93.3,91.2,95.4,27.76,28.02,27.66,27.88
383.57,4,67.4,25.98,94.59,3,90.0,91.7,84.2,99.0,27.68,27.97,27.57,27.95
384.77,4,71.94,2.24,98.95,3,92.6,96.3,89.2,92.6,27.76,28.0,27.58,27.92
385.97,4,81.9,31.14,105.6,4,93.2,97.3,92.5,89.3,27.83,27.99,27.58,27.78
387.17,4,53.64,44.48,101.52,4,92.3,96.4,89.9,87.4,27.8,28.12,27.52,28.01
388.38,4,100.0,4.56,109.01,4,91.0,100.0,85.8,92.8,27.82,27.89,27.6,27.92
389.58,4,49.88,3.32,106.71,4,93.5,95.0,89.8,95.3,27.73,27.92,27.59,27.92
390.78,4,45.72,31.8,88.23,3,94.3,97.0,95.1,93.4,27.92,28.1,27.62,27.9
391.98,4,93.16,33.69,100.51,4,89.7,91.7,93.7,92.0,27.68,27.94,27.61,27.85
393.19,4,85.83,2.16,110.38,4,97.2,93.8,89.8,90.2,27.85,28.09,27.68,27.92
394.39,4,82.48,3.7,101.64,4,92.7,97.1,92.9,88.7,27.92,28.17,27.69,27.95
395.59,4,82.57,5.77,121.66,4,93.1,97.5,88.9,94.5,27.85,27.96,27.49,27.73
396.79,4,69.76,0.0,132.88,4,95.1,94.1,84.9,94.7,27.78,28.07,27.69,27.85
398.0,4,52.05,0.0,131.68,4,93.7,94.8,87.2,87.4,27.75,27.88,27.48,27.87
399.2,4,71.52,0.0,119.28,4,95.9,90.4,94.7,96.8,27.9,28.08,27.66,27.93
400.4,4,56.46,0.0,138.24,4,93.9,93.9,89.2,93.7,27.66,28.02,27.66,28.02
401.6,4,89.5,9.48,126.74,4,91.2,97.7,89.3,96.2,27.7,28.05,27.41,27.82
402.81,4,67.06,13.51,123.8,4,94.1,96.7,89.1,88.0,27.76,27.94,27.61,27.85
404.01,4,53.49,33.26,122.96,4,89.6,96.5,95.7,87.9,27.92,27.83,27.55,27.85
405.21,4,63.57,0.0,127.99,4,93.3,95.1,94.9,91.6,27.84,28.05,27.52,27.82
406.41,4,78.26,24.76,129.05,4,92.9,95.0,96.7,93.5,27.7,27.79,27.74,27.87
407.62,4,58.73,6.79,136.55,4,92.4,93.0,89.5,97.4,27.77,27.97,27.53,27.98
408.82,4,53.56,9.26,138.37,4,92.6,97.1,90.9,94.1,27.74,28.09,27.52,27.79
410.02,4,74.87,20.12,138.72,4,87.4,96.3,85.5,91.3,27.73,28.02,27.61,27.94
411.22,4,74.9,0.0,144.98,5,91.4,96.5,94.4,88.9,27.9,28.19,27.67,27.73
412.42,4,59.86,15.74,154.43,5,93.3,93.4,86.5,95.7,27.66,28.1,27.59,27.84
413.63,4,60.58,12.5,153.94,5,93.5,88.5,90.7,89.1,27.96,27.93,27.72,27.87
414.83,4,74.64,17.39,131.51,4,89.9,98.3,86.7,96.9,27.88,28.0,27.65,28.07
416.03,4,41.04,14.34,122.74,4,96.8,93.6,88.2,91.1,27.91,28.0,27.38,27.87
417.23,4,41.85,46.83,159.55,5,90.4,92.4,87.5,96.8,27.75,27.84,27.55,27.68
418.44,4,55.63,0.43,138.45,4,95.9,97.1,88.2,94.0,27.79,27.91,27.54,27.7
419.64,4,65.73,2.04,151.79,5,94.3,93.8,88.4,91.6,27.66,27.94,27.65,27.9
420.84,4,76.22,0.65,144.26,5,91.1,98.2,88.4,90.4,27.75,27.8,27.34,27.96
422.04,4,99.51,1.67,139.86,4,98.3,96.9,92.5,91.0,27.85,28.0,27.85,27.94
423.25,4,87.15,0.44,165.21,5,89.4,97.1,86.7,93.3,27.93,27.98,27.65,27.92
424.45,4,66.8,27.84,169.31,5,95.8,90.9,90.7,92.2,27.69,27.83,27.61,28.02
425.65,4,69.62,31.31,157.87,5,96.0,98.6,93.7,90.2,27.76,28.04,27.72,27.85
426.85,4,49.95,1.44,139.65,4,91.0,95.8,88.5,91.5,27.78,28.07,27.83,27.99
428.06,4,69.63,0.0,162.01,5,97.2,93.9,87.8,92.2,27.66,28.02,27.69,27.74
429.26,4,64.23,17.07,173.31,5,92.2,95.4,89.3,85.6,27.86,27.97,27.69,27.81
430.46,4,76.45,1.72,156.52,5,93.9,89.7,93.5,93.4,27.73,28.06,27.61,27.72
431.66,4,53.46,19.49,175.07,5,93.8,96.2,90.6,89.1,27.78,28.07,27.59,27.87
432.87,4,80.39,13.04,175.0,5,92.6,91.9,88.4,88.5,27.75,28.03,27.55,27.9
434.07,4,100.0,0.0,182.86,6,95.4,90.9,91.5,86.9,27.72,27.92,27.52,27.91
435.27,4,67.82,33.21,180.19,6,95.4,90.4,86.7,86.6,27.8,28.03,27.53,27.91
436.47,4,78.03,36.94,171.18,5,87.8,98.3,92.0,87.9,27.78,28.12,27.46,27.81
437.68,4,83.8,0.81,194.79,6,96.9,93.1,91.2,89.9,27.76,27.94,27.59,27.88
438.88,4,61.98,4.18,183.16,6,88.0,99.6,89.1,97.9,27.73,28.21,27.43,27.75
440.08,4,74.48,14.29,186.39,6,96.1,93.4,87.5,90.4,27.83,27.95,27.62,28.04
441.28,4,70.25,15.02,179.25,5,96.4,89.9,87.3,92.5,27.97,28.0,27.6,27.87
442.48,4,71.95,19.88,186.07,6,89.7,91.7,91.6,93.2,27.81,27.93,27.61,27.85
443.69,4,54.54,40.15,183.58,6,91.8,98.7,93.7,92.4,27.9,28.02,27.55,28.06
444.89,4,70.49,7.35,192.61,6,89.7,94.5,88.1,91.8,27.66,27.83,27.91,27.78
446.09,4,79.96,0.0,213.38,6,92.4,93.4,91.4,88.4,27.82,27.95,27.74,27.79
447.29,4,99.02,0.0,184.46,6,92.1,95.5,83.7,96.4,27.69,27.89,27.48,27.79
448.5,4,89.19,0.0,183.97,6,95.3,96.5,88.2,97.4,27.65,28.01,27.62,27.89
449.7,4,100.0,9.5,216.73,6,96.9,98.4,89.9,87.0,27.73,28.1,27.54,27.94
450.9,4,54.65,36.92,201.85,6,97.2,99.3,87.3,88.9,27.92,28.06,27.5,27.97
452.1,4,87.45,2.24,199.17,6,91.3,93.9,87.2,91.2,27.9,27.76,27.47,28.16
453.31,4,73.67,13.36,218.18,6,92.4,91.0,88.0,89.1,27.82,28.2,27.64,27.68
454.51,4,100.0,9.75,203.64,6,87.9,93.8,90.9,93.5,27.65,28.03,27.53,27.96
455.71,4,53.83,27.83,229.88,7,90.6,95.8,89.4,89.8,27.78,27.92,27.7,27.84
456.91,4,53.21,47.9,220.31,7,95.9,92.1,83.3,98.5,27.83,28.02,27.7,27.84
458.12,4,58.01,2.04,210.58,6,97.8,92.1,83.6,95.6,27.82,28.02,27.74,27.84
459.32,4,27.52,2.66,238.95,7,89.3,96.0,88.2,92.6,27.62,27.93,27.51,27.81
460.52,4,59.48,25.66,213.24,6,91.2,94.9,91.4,95.1,27.71,28.02,27.65,28.07
461.72,4,54.82,20.23,228.63,7,92.9,95.1,81.8,95.3,27.79,27.94,27.66,27.98
462.93,4,73.01,37.7,226.12,7,93.8,92.7,88.5,90.3,27.85,27.96,27.55,27.9
464.13,4,76.84,18.76,238.07,7,90.6,94.3,88.4,89.6,27.58,27.93,27.52,28.04
465.33,4,100.0,4.61,242.58,7,94.3,92.2,94.2,92.2,27.78,27.86,27.76,27.75
466.53,4,89.01,18.86,229.21,7,91.6,97.7,88.8,94.6,27.81,28.01,27.62,27.77
467.74,4,58.46,26.63,223.27,7,93.0,98.1,91.1,92.4,27.88,28.06,27.66,27.68
468.94,4,52.03,22.31,237.33,7,94.6,89.5,90.4,87.3,27.87,28.05,27.52,27.83
470.14,4,79.84,17.61,227.87,7,93.0,92.2,83.6,89.6,27.86,28.08,27.48,27.92
471.34,4,43.6,26.0,256.7,7,91.7,90.5,92.3,91.8,27.72,28.03,27.54,27.91
472.55,4,100.0,27.54,239.85,7,92.7,93.0,90.6,91.8,27.61,27.95,27.59,27.91
473.75,4,93.59,30.73,236.75,7,92.7,94.7,91.5,97.9,27.76,28.08,27.49,27.76
474.95,4,60.62,19.73,244.17,7,91.9,90.7,101.8,87.8,27.9,27.86,27.6,27.98
476.15,4,35.74,7.49,230.77,7,92.2,92.2,83.7,93.5,27.94,27.91,27.43,27.92
477.35,4,97.08,12.2,236.45,7,97.8,92.0,95.2,96.5,27.87,27.9,27.49,27.97
478.56,4,67.71,28.1,260.08,8,94.7,95.6,89.1,98.8,27.84,28.11,27.67,27.71
479.76,4,94.76,0.0,243.43,7,92.1,95.2,90.9,90.8,27.84,28.09,27.66,27.93
480.96,5,38.11,15.53,49.53,2,97.1,94.8,91.9,95.5,27.94,28.25,27.76,27.98
482.16,5,58.01,4.1,67.29,2,94.0,97.5,90.7,95.7,27.99,28.31,27.7,28.06
483.37,5,70.1,10.43,75.7,3,98.5,95.4,90.3,94.6,28.17,28.11,27.7,28.15
484.57,5,70.94,29.18,72.95,3,96.1,96.2,93.0,93.7,27.91,28.23,27.76,28.11
485.77,5,61.0,12.87,77.64,3,94.7,102.0,87.4,95.3,28.16,28.19,27.86,28.01
486.97,5,82.46,10.7,62.03,2,96.3,101.0,94.3,86.4,27.97,28.28,27.89,28.1
488.18,5,48.65,0.0,57.3,2,90.3,93.1,90.8,96.0,28.13,28.19,27.75,27.95
489.38,5,67.15,21.19,88.45,3,91.6,99.5,88.6,94.4,27.86,28.16,27.68,28.22
490.58,5,72.41,19.68,72.13,3,91.4,99.4,90.6,93.3,28.06,28.25,27.83,28.08
491.78,5,80.29,42.45,74.76,3,95.4,93.6,95.8,100.1,27.93,28.29,27.72,28.21
492.99,5,84.23,5.38,92.47,3,100.2,99.5,90.4,92.0,27.86,28.13,27.75,28.05
494.19,5,47.51,13.29,86.67,3,101.7,101.6,93.1,92.8,28.02,28.19,27.93,28.05
495.39,5,39.32,13.74,87.59,3,96.9,93.6,89.8,100.0,28.1,28.09,27.88,28.02
496.59,5,95.55,33.66,106.6,4,96.5,94.2,94.3,91.5,27.92,27.95,27.82,28.19
497.8,5,76.65,8.57,80.43,3,89.6,100.1,94.1,92.3,27.85,28.22,27.67,28.03
499.0,5,55.03,14.19,98.07,3,93.4,97.8,97.5,93.6,27.99,28.26,27.82,28.16
500.2,5,100.0,19.12,91.28,3,92.6,98.7,91.5,96.5,27.99,28.23,27.91,28.06
501.4,5,72.31,12.8,95.31,3,93.1,98.0,94.0,94.6,28.05,28.01,27.76,27.9
502.61,5,93.59,3.3,109.83,4,94.5,98.2,92.3,90.1,28.09,28.16,27.94,28.04
503.81,5,71.35,12.91,101.54,4,93.6,93.0,95.9,92.4,27.99,27.98,27.93,27.98
505.01,5,100.0,26.1,103.77,4,89.1,100.1,89.8,92.2,28.19,28.34,27.97,28.1
506.21,5,100.0,0.0,111.03,4,97.2,100.5,94.2,93.8,28.02,28.09,27.83,27.98
507.41,5,65.02,11.99,98.57,3,91.8,96.3,91.4,95.3,27.97,28.33,27.86,28.19
508.62,5,89.43,0.0,95.75,3,95.7,96.9,91.8,95.3,27.84,28.29,27.94,28.09
509.82,5,82.91,27.93,95.61,3,101.2,92.4,92.3,88.7,27.97,28.11,27.84,28.08
511.02,5,97.37,0.0,88.32,3,92.2,98.5,92.8,97.2,27.97,28.09,27.75,28.17
512.22,5,50.7,1.62,130.46,4,87.4,98.7,91.7,94.8,28.1,28.24,27.76,28.2
513.43,5,83.72,15.66,100.79,4,94.1,96.8,92.6,98.2,28.05,28.12,27.82,28.1
514.63,5,91.17,33.48,111.52,4,98.3,100.4,96.7,95.3,27.88,28.21,27.67,28.02
515.83,5,34.83,9.01,112.89,4,100.9,96.0,95.0,97.3,28.02,28.15,27.79,27.92
517.03,5,46.33,1.67,120.65,4,91.3,98.7,94.6,95.4,28.07,28.02,27.91,28.03
518.24,5,29.22,38.22,127.65,4,96.5,93.9,90.6,98.0,28.15,27.98,27.58,28.04
519.44,5,64.61,0.0,130.02,4,93.6,96.9,89.3,95.6,28.09,28.22,27.95,28.11
520.64,5,84.35,0.0,117.5,4,94.7,96.5,94.9,93.7,28.08,28.14,27.91,28.07
521.84,5,100.0,16.6,123.58,4,102.9,97.7,94.6,100.8,28.01,28.14,27.75,28.17
523.05,5,71.48,2.47,130.0,4,90.5,95.9,96.4,96.7,28.04,28.27,27.85,28.04
524.25,5,100.0,0.0,126.6,4,95.8,96.6,90.2,95.7,28.12,28.32,27.8,28.09
525.45,5,42.4,20.63,147.08,5,96.4,99.5,91.3,90.2,27.87,28.17,27.92,28.22
526.65,5,35.93,13.66,137.84,4,98.3,95.7,87.1,90.1,27.97,28.17,27.9,28.13
527.86,5,68.89,1.54,142.2,5,95.3,92.2,90.8,94.9,27.92,28.25,27.66,28.09
529.06,5,77.68,0.0,143.4,5,95.9,102.2,95.0,94.4,28.04,28.06,27.86,28.04
530.26,5,69.35,23.09,150.42,5,93.8,101.1,90.6,92.2,28.12,28.22,27.78,28.04
531.46,5,28.65,19.75,142.42,5,95.8,93.1,93.9,94.4,27.94,28.26,27.81,28.01
532.67,5,68.22,8.51,129.56,4,94.0,99.1,91.4,98.8,27.76,28.27,27.73,28.05
533.87,5,43.91,37.7,148.44,5,96.9,95.5,93.0,96.1,27.96,28.01,27.97,28.18
535.07,5,83.39,0.0,139.85,4,93.9,97.8,88.6,90.6,28.09,28.12,27.9,28.08
536.27,5,77.33,0.0,143.0,5,96.1,97.9,92.3,93.7,28.05,28.11,27.73,27.97
537.47,5,51.2,0.0,156.07,5,94.9,96.3,83.0,91.6,28.04,28.21,27.67,28.28
538.68,5,59.72,9.32,164.5,5,98.4,94.6,91.4,92.8,27.97,28.25,27.76,28.13
539.88,5,48.82,13.65,154.25,5,94.8,94.9,87.1,92.8,27.87,28.35,27.84,27.96
541.08,5,68.75,6.38,159.05,5,89.7,94.3,95.6,92.6,28.05,28.15,27.82,28.06
542.28,5,89.1,15.28,174.9,5,98.8,94.5,94.3,90.2,27.92,28.15,27.93,28.11
543.49,5,50.29,0.0,162.21,5,92.3,96.8,93.4,93.6,28.22,28.31,27.88,28.27
544.69,5,80.08,31.66,187.73,6,93.0,94.9,96.6,92.3,28.06,28.23,27.9,27.99
545.89,5,59.39,8.77,169.29,5,93.2,99.0,89.2,85.2,27.94,28.33,27.83,28.2
547.09,5,54.14,26.76,147.95,5,99.1,101.5,97.2,100.2,27.94,28.23,27.66,28.24
548.3,5,67.86,15.14,175.01,5,88.6,95.3,94.8,97.3,27.99,28.08,27.78,28.04
549.5,5,49.3,16.85,173.21,5,104.4,97.7,91.3,92.9,27.98,28.07,27.91,28.07
550.7,5,58.93,18.55,184.21,6,98.2,98.5,95.4,94.1,28.11,28.04,27.79,28.0
551.9,5,46.04,16.72,179.96,5,95.7,98.4,88.7,90.5,28.02,28.27,27.85,28.08
553.11,5,100.0,19.64,173.77,5,94.8,97.2,89.5,99.1,27.93,28.32,27.77,28.1
554.31,5,70.71,29.94,164.83,5,95.9,99.2,90.2,99.7,28.19,28.38,27.7,28.17
555.51,5,56.01,12.95,176.9,5,96.6,98.4,90.4,94.5,28.0,28.28,27.79,28.21
556.71,5,74.28,20.64,172.4,5,96.9,93.3,88.8,97.1,28.08,28.32,27.83,28.03
557.92,5,67.75,8.65,177.02,5,96.7,99.6,95.7,94.5,27.94,28.14,27.73,27.9
559.12,5,65.58,31.6,190.63,6,95.3,99.7,91.2,90.0,28.04,28.08,27.78,28.1
560.32,5,82.28,0.0,203.37,6,94.4,94.7,93.1,92.8,28.03,28.29,27.71,28.13
561.52,5,85.15,37.01,192.53,6,94.5,97.1,90.3,94.4,27.81,28.24,27.91,28.12
562.73,5,59.39,9.4,178.55,5,94.4,99.0,86.5,92.6,28.2,28.21,27.77,28.07
563.93,5,58.48,0.0,196.87,6,98.4,96.4,92.8,93.3,28.13,28.24,27.95,28.11
565.13,5,64.5,11.92,206.31,6,96.8,100.2,86.3,93.7,27.96,28.23,27.95,28.25
566.33,5,23.96,0.0,190.16,6,86.2,104.1,91.8,93.8,27.89,28.33,27.79,28.14
567.54,5,39.7,22.61,196.84,6,97.0,94.6,87.9,94.2,28.03,28.33,27.7,28.06
568.74,5,97.34,0.21,200.25,6,95.6,92.9,98.0,90.8,28.01,28.25,27.59,28.05
569.94,5,100.0,3.31,194.17,6,94.9,97.9,94.7,91.8,28.04,28.28,27.65,28.08
571.14,5,65.02,0.0,210.42,6,93.8,99.2,92.3,90.1,28.02,28.25,27.66,28.26
572.34,5,81.53,3.22,204.65,6,98.4,96.3,95.8,96.9,28.05,28.15,27.94,28.08
573.55,5,76.23,0.0,211.97,6,97.8,101.4,89.5,87.7,28.14,28.28,27.81,28.1
574.75,5,100.0,0.0,200.82,6,92.7,93.0,93.6,97.5,28.06,28.06,27.84,28.05
575.95,5,92.39,21.41,207.24,6,96.2,99.1,92.6,98.2,27.9,28.31,27.58,28.21
577.15,5,67.44,21.79,220.76,7,92.1,95.2,92.8,93.1,28.14,28.08,27.68,28.3
578.36,5,50.89,16.38,211.73,6,90.9,102.2,95.8,86.2,28.16,28.23,27.89,28.15
579.56,5,37.87,0.0,234.64,7,93.1,103.0,94.2,92.9,28.32,28.12,27.83,28.11
580.76,5,74.07,9.28,215.3,6,97.6,94.7,92.9,93.8,27.89,28.26,27.79,28.1
581.96,5,54.87,9.95,223.46,7,97.9,95.4,87.0,91.0,28.02,28.2,27.86,27.86
583.17,5,41.55,0.0,232.46,7,96.5,99.6,89.1,92.5,27.79,28.04,27.96,28.17
584.37,5,57.07,32.55,210.87,6,97.2,95.8,91.6,98.6,28.06,28.24,27.78,28.11
585.57,5,48.37,23.16,209.36,6,96.5,96.9,92.3,96.0,27.95,28.14,27.81,28.14
586.77,5,100.0,6.69,213.63,6,93.1,97.1,88.6,91.2,28.19,28.29,27.82,28.03
587.98,5,87.63,10.4,243.43,7,96.3,91.2,99.2,89.2,27.92,28.2,28.04,28.06
589.18,5,69.84,13.13,227.21,7,97.4,97.0,96.5,93.0,27.83,28.24,27.59,28.06
590.38,5,99.6,0.0,260.23,8,97.3,94.9,93.8,93.4,27.95,28.1,27.87,28.2
591.58,5,71.55,6.29,230.92,7,98.6,95.5,92.2,95.5,27.8,28.14,27.79,28.06
592.79,5,52.77,0.0,240.33,7,97.1,101.3,91.4,92.4,28.08,28.15,27.86,28.31
593.99,5,100.0,0.0,255.83,7,96.1,93.2,89.1,95.5,27.79,28.29,27.73,28.14
595.19,5,80.78,5.78,262.38,8,98.2,99.4,92.2,99.8,28.0,28.37,27.8,27.97
596.39,5,49.26,36.97,264.86,8,94.9,96.2,92.8,96.4,27.79,28.12,27.87,28.09
597.6,5,66.19,19.61,258.25,7,92.4,96.2,88.3,93.9,27.97,28.31,28.11,28.03
598.8,5,52.49,1.43,258.32,7,94.5,99.4,93.0,93.5,28.16,27.98,27.88,27.88
600.0,5,42.34,18.59,255.93,7,92.8,98.0,91.5,92.9,28.04,28.08,27.72,28.26
